%YAML:1.0
---
size: !!opencv-matrix
   rows: 2
   cols: 1
   dt: d
   data: [ 640., 480. ]
K: !!opencv-matrix
   rows: 3
   cols: 3
   dt: d
   data: [ 761.59209825211553, 0., 320.31425739870491, 0.,
       761.67321475627386, 224.67546559762545, 0., 0., 1. ]
D: !!opencv-matrix
   rows: 1
   cols: 5
   dt: d
   data: [ 0.034834582718196262, -0.055261790512486975,
       0.00057491944909482048, -4.277115028624369e-05,
       0.018477893355150807 ]
