%YAML:1.0
---
size: !!opencv-matrix
   rows: 2
   cols: 1
   dt: d
   data: [ 640., 480. ]
K: !!opencv-matrix
   rows: 3
   cols: 3
   dt: d
   data: [ 450.84792235216821, 0., 303.38984885122346, 0.,
       451.12147855796741, 255.56515956479262, 0., 0., 1. ]
D: !!opencv-matrix
   rows: 1
   cols: 5
   dt: d
   data: [ -0.040912310606933552, -0.043881610145679657,
       0.0017980102885034731, -0.0031756736440634687,
       0.034158837960370766 ]
