%YAML:1.0
---
size: !!opencv-matrix
   rows: 2
   cols: 1
   dt: d
   data: [ 640., 480. ]
K: !!opencv-matrix
   rows: 3
   cols: 3
   dt: d
   data: [ 451.28079702724324, 0., 310.98316256492114, 0.,
       451.80201898777551, 246.41846669519219, 0., 0., 1. ]
D: !!opencv-matrix
   rows: 1
   cols: 5
   dt: d
   data: [ -0.055437917690707952, -0.00053616838773842422,
       0.0016038454473334437, -0.0041137211397367932,
       -0.015595210526020198 ]
