%YAML:1.0
---
size: !!opencv-matrix
   rows: 2
   cols: 1
   dt: d
   data: [ 640., 480. ]
K1: !!opencv-matrix
   rows: 3
   cols: 3
   dt: d
   data: [ 450.84792235216821, 0., 303.38984885122346, 0.,
       451.12147855796741, 255.56515956479262, 0., 0., 1. ]
D1: !!opencv-matrix
   rows: 1
   cols: 5
   dt: d
   data: [ -0.040912310606933552, -0.043881610145679657,
       0.0017980102885034731, -0.0031756736440634687,
       0.034158837960370766 ]
K2: !!opencv-matrix
   rows: 3
   cols: 3
   dt: d
   data: [ 451.28079702724324, 0., 310.98316256492114, 0.,
       451.80201898777551, 246.41846669519219, 0., 0., 1. ]
D2: !!opencv-matrix
   rows: 1
   cols: 5
   dt: d
   data: [ -0.055437917690707952, -0.00053616838773842422,
       0.0016038454473334437, -0.0041137211397367932,
       -0.015595210526020198 ]
R: !!opencv-matrix
   rows: 3
   cols: 3
   dt: d
   data: [ 0.99998875729148573, -0.00043893117507944811,
       0.0047215071802910666, 0.00038426256831910452,
       0.99993295309368746, 0.011573316707670618, -0.0047262705073435572,
       -0.011571372293768896, 0.99992187980378278 ]
T: !!opencv-matrix
   rows: 3
   cols: 1
   dt: d
   data: [ -62.86148644103919, 0.015177713644514422,
       -0.20318469937144615 ]
E: !!opencv-matrix
   rows: 3
   cols: 3
   dt: d
   data: [ 6.3422940566426302e-06, 0.20299544949079437,
       0.017528048834524974, -0.50028280443915696, -0.7273044784501167,
       62.855616351366905, -0.03933285923409429, -62.857265110875431,
       -0.72758755298104194 ]
F: !!opencv-matrix
   rows: 3
   cols: 3
   dt: d
   data: [ 1.0945787190648038e-10, 3.5012530206385765e-06,
       -0.00075844722843316245, -8.62412193764459e-06,
       -1.2530030905227376e-05, 0.49432872885717039,
       0.0018187693658057909, -0.48726099458621969, 1. ]
R1: !!opencv-matrix
   rows: 3
   cols: 3
   dt: d
   data: [ 0.9999681352539147, -0.00071775984763228619,
       0.0079506790659462662, 0.00067174285195139628,
       0.99998301817222568, 0.0057889661172885335,
       -0.0079546991363219702, -0.0057834408415224012,
       0.99995163611730897 ]
R2: !!opencv-matrix
   rows: 3
   cols: 3
   dt: d
   data: [ 0.99999474713911796, -0.00024144567329430813,
       0.0032322435178227999, 0.00026014422360614518,
       0.99998322806841111, -0.0057858367470161936,
       -0.0032307923416066849, 0.0057866472043011244,
       0.99997803810632679 ]
P1: !!opencv-matrix
   rows: 3
   cols: 4
   dt: d
   data: [ 415.88330689289717, 0., 297.55987930297852, 0., 0.,
       415.88330689289717, 253.47265243530273, 0., 0., 0., 1., 0. ]
P2: !!opencv-matrix
   rows: 3
   cols: 4
   dt: d
   data: [ 415.88330689289717, 0., 297.55987930297852,
       -26143.180183790922, 0., 415.88330689289717, 253.47265243530273,
       0., 0., 0., 1., 0. ]
Q: !!opencv-matrix
   rows: 4
   cols: 4
   dt: d
   data: [ 1., 0., 0., -297.55987930297852, 0., 1., 0.,
       -253.47265243530273, 0., 0., 0., 415.88330689289717, 0., 0.,
       0.015907908065092621, 0. ]
